1.000000e+00   1.776214e+01    1.776214e+01    0.000000e+00
2.000000e+00   2.511947e+01    2.511947e+01    0.000000e+00
3.000000e+00   3.076494e+01    3.076494e+01    0.000000e+00
4.000000e+00   3.552429e+01    3.552429e+01    0.000000e+00
5.000000e+00   3.971736e+01    3.971736e+01    0.000000e+00
6.000000e+00   4.350819e+01    4.350819e+01    0.000000e+00
7.000000e+00   4.699422e+01    4.699422e+01    0.000000e+00
8.000000e+00   5.023893e+01    5.023893e+01    0.000000e+00
9.000000e+00   5.328643e+01    5.328643e+01    0.000000e+00
1.000000e+01   5.616883e+01    5.616883e+01    0.000000e+00
1.100000e+01   5.891037e+01    5.891037e+01    0.000000e+00
1.200000e+01   6.152987e+01    6.152987e+01    0.000000e+00
1.300000e+01   6.404232e+01    6.404232e+01    0.000000e+00
1.400000e+01   6.645986e+01    6.645986e+01    0.000000e+00
1.500000e+01   6.879249e+01    6.879249e+01    0.000000e+00
1.600000e+01   7.104858e+01    7.104858e+01    0.000000e+00
1.700000e+01   7.323520e+01    7.323520e+01    0.000000e+00
1.800000e+01   7.535840e+01    7.535840e+01    0.000000e+00
1.900000e+01   7.742339e+01    7.742339e+01    0.000000e+00
2.000000e+01   7.943473e+01    7.943473e+01    0.000000e+00