1 0.0100124615541902 6.53173840560149e-32 0
2 0.00781149658459938 -8.87123010693174e-32 0
3 -9.76677666608313e-32 0.00757198560260521 0
4 7.02450770245597e-32 0.00970873385052594 0
5 0.00972380288339186 1.47016849746205e-32 0
6 0.00945622411647664 5.94030449809929e-32 0
7 0.00922010515511851 1.94085434231264e-32 0
8 0.0089885684383303 -2.40333158944094e-32 0
9 0.00876761356223179 -1.17568683593467e-32 0
10 0.00855834237343075 -6.52759407202349e-32 0
11 0.00836252272291369 -9.49083699453041e-32 0
12 0.0081739138323892 -1.04961557375994e-31 0
13 0.00799203597805013 -1.39604062003049e-31 0
14 0.00780582021602276 0.000180240103699386 0
15 0.00778784006835471 0.000362735763015193 0
16 0.00775986423498043 0.000539897182254282 0
17 0.00772743290684887 0.000717100793666389 0
18 0.00769221990903821 0.000890526887521592 0
19 0.00764198182419827 0.00106819786395995 0
20 0.0076054849386343 0.00125511424636519 0
21 0.00755777026770003 0.00143582965516213 0
22 0.00750006201206929 0.00161534429476437 0
23 0.00745462535806831 0.00178706358420555 0
24 0.00740123944928474 0.00196502283238048 0
25 0.00734351080482374 0.00214351604252476 0
26 0.0072677293378298 0.00231283048685597 0
27 0.00718620664080461 0.00247280259910172 0
28 0.00711465650606094 0.00263341542316624 0
29 0.00704410842027292 0.00278817368444205 0
30 0.00695751960874742 0.00293912938958925 0
31 0.00686517402457076 0.00309110025242285 0
32 0.00678088143549782 0.00324273497455881 0
33 0.00670072849530733 0.00338701604075363 0
34 0.00660183060569268 0.00352416878860506 0
35 0.00649781865833418 0.00365634183893772 0
36 0.00640737798030859 0.00379770890261143 0
37 0.0063185351745607 0.00392042867722368 0
38 0.00622289361307561 0.00404444059628429 0
39 0.00613219569474263 0.00417139332788 0
40 0.00603731576269509 0.00428961559046447 0
41 0.00594577127451832 0.0044104342128563 0
42 0.00584912582178515 0.00452739398132732 0
43 0.00574996486462641 0.00464551808060973 0
44 0.00566099372409708 0.00476528660710857 0
45 0.005575109122933 0.00487127535153764 0
46 0.00547263902157964 0.00498469923199888 0
47 0.00536686131851689 0.00510872565008683 0
48 0.00526467074115443 0.00523291816758725 0
49 0.00515720965190487 0.0053603139939799 0
50 0.00503972505014842 0.0054768121197506 0
51 0.00492521815198008 0.00559874373013655 0
52 0.00480691609416656 0.00572412974317229 0
53 0.00468183833371149 0.00583005514860766 0
54 0.00454767996595543 0.00593016115413979 0
55 0.0044155732120162 0.00603631094434101 0
56 0.00429320881124576 0.0061312653145063 0
57 0.00415891707304322 0.0062344152753663 0
58 0.00401914034158956 0.00635272426064492 0
59 0.00386756185638459 0.00646405541119025 0
60 0.00371049464750676 0.0065733249590976 0
61 0.00354567485414485 0.00667526433674719 0
62 0.00337405662609025 0.00676853002736873 0
63 0.00320727456405065 0.00685822111677186 0
64 0.00303897914030975 0.00693891497623227 0
65 0.00285976871925358 0.00700645070634279 0
66 0.00267374849451418 0.00707816145614034 0
67 0.00248045955373878 0.00713704389402088 0
68 0.0023046592199015 0.00720010410961026 0
69 0.00214155677348384 0.00725486363395381 0
70 0.00196577977292421 0.00729945082191355 0
71 0.00178982523564805 0.0073462839631261 0
72 0.00160871739563467 0.00736864729551507 0
73 0.00142980308288307 0.00738835481465922 0
74 0.0012645636661046 0.0074235429685904 0
75 0.00111023142749175 0.00745650896714666 0
76 0.000949315110941999 0.00748059292941382 0
77 0.000787854766466763 0.00749884219965035 0
78 0.000626397052516741 0.00752828294759483 0
79 0.000471576752133754 0.00755485159426985 0
80 0.000310206811467502 0.00756122379643405 0
81 0.000155782685203894 0.00756716794034264 0
82 -1.34869241532821e-31 0.00772824685945759 0
83 -1.16027680680374e-31 0.00789248097767957 0
84 -8.08907245051715e-32 0.00806845197648244 0
85 -6.3253873632791e-32 0.00824851712497576 0
86 -2.41487343993428e-32 0.00844006214416694 0
87 4.11158685195484e-33 0.00864939913391296 0
88 2.65109729987211e-32 0.00888003961122253 0
89 4.14633052747062e-32 0.00913626549345781 0
90 2.07340812748547e-32 0.00941108530580789 0
91 0.000313509060944586 0.00970826541381997 0
92 0.000615076823003631 0.00967495350145929 0
93 0.000906634470608875 0.00966166905732599 0
94 0.00119723277807199 0.00965840861659901 0
95 0.00149624678112099 0.00965328716621581 0
96 0.00179839913982996 0.00963771570802884 0
97 0.00208443989767881 0.00959950986499385 0
98 0.00236158181585914 0.0095463024138001 0
99 0.00264101653999871 0.00948590223349867 0
100 0.00291384890508201 0.00939990735976927 0
101 0.00317429219316256 0.00931998128135508 0
102 0.00343208947389785 0.00922695261660693 0
103 0.00368298822883879 0.0091113368045463 0
104 0.00393593689267526 0.00900271814275855 0
105 0.00417957088284529 0.00888109361139492 0
106 0.00443144231271359 0.00875848068255076 0
107 0.0046760096505004 0.0086305040896814 0
108 0.00491239884991907 0.00848387239249662 0
109 0.0051432381552387 0.00832331130499187 0
110 0.00536993948644885 0.00813532069811562 0
111 0.00558361119863173 0.00794457849250642 0
112 0.00579932953637744 0.00776689170321554 0
113 0.00600873636657017 0.00756872822427302 0
114 0.00623751354146987 0.00736451553142627 0
115 0.00645126683543453 0.0071649884635481 0
116 0.00664140428542478 0.00692368713880272 0
117 0.00685662042460786 0.00670396658308478 0
118 0.00709125183657941 0.00644724224627396 0
119 0.00727577561333142 0.00620679988569116 0
120 0.00746917812532542 0.00600532144985676 0
121 0.00766178547010367 0.00578494997511829 0
122 0.00783984806456346 0.00555111663258413 0
123 0.00802589469532226 0.00531344253852471 0
124 0.00821716719912935 0.00506686246287256 0
125 0.00837015747355424 0.00480053908875218 0
126 0.00852594920202841 0.0045390225484359 0
127 0.00868380971675132 0.00429067362612685 0
128 0.0088407743473299 0.00403935874115537 0
129 0.00901149204545362 0.00377890155827903 0
130 0.00913839855584804 0.0035138416563569 0
131 0.0092772548345534 0.00325231185993817 0
132 0.00940628808621735 0.00299057719407654 0
133 0.00949944237556377 0.00271654380974917 0
134 0.00960103367292949 0.00245813213231957 0
135 0.0096902469104618 0.00219629922879842 0
136 0.00976480688428767 0.00192981399412827 0
137 0.00982945358579433 0.00166353906722929 0
138 0.00988321833175339 0.00139603331683396 0
139 0.00992625172035634 0.00112759641869298 0
140 0.00995459499554802 0.000856592420706929 0
141 0.00996868407918561 0.000586163860469605 0
142 0.0100050821053197 0.000296662286791686 0
143 0.00540033494880863 0.00529143179948417 0
144 0.00368155707292309 0.00677351234391055 0
145 0.00668756826197682 0.00362690980880886 0
146 0.00136795556687584 0.00753108192380867 0
147 0.00768560928847584 0.00153817084149401 0
148 0.00302454298273892 0.00711629956705642 0
149 0.0070597357017262 0.00305518562293182 0
150 0.00579944829472887 0.00479967672604164 0
151 0.00494984318486276 0.00578063204117278 0
152 0.00429311895364462 0.00631343638437271 0
153 0.00629118333628802 0.00417698957344609 0
154 0.0021195440904102 0.00743581821604598 0
155 0.00745538176342058 0.00225981100579294 0
156 0.00968017977626433 0.0012348269286451 0
157 0.00130217281469117 0.00938591717241604 0
158 0.00556010548609271 0.00761231804851089 0
159 0.00755023422560594 0.00552854270113166 0
160 0.00322839001430322 0.00905562599503218 0
161 0.00912761311455977 0.00303323779328748 0
162 0.00941948199557985 0.00228676276530267 0
163 0.00242769171086906 0.00928649684230012 0
164 0.00807332181457132 0.00480443288126269 0
165 0.00491082573312838 0.00822049553901831 0
166 0.00619023620025709 0.00707425907807041 0
167 0.00695914241441904 0.00616411960030064 0
168 0.00396984817229746 0.00873168181968401 0
169 0.00870270184031836 0.00382351923128032 0
170 0.000874376348220902 0.0076263062713549 0
171 0.00782574889785278 0.000970025889310502 0
172 0.00887940641685861 0.000210235727060993 0
173 0.000188795238985167 0.00854596018896233 0
174 0.00957114877593585 0.00176310307032769 0
175 0.00189279811102701 0.0093930763782382 0
176 0.00838094607388769 0.0043388913704549 0
177 0.00658575116593181 0.00658472013734103 0
178 0.00445335219524924 0.00848451759266826 0
179 0.00973688224310584 0.000703959146100187 0
180 0.000729782912877778 0.00942780134554168 0
181 0.00845282026723366 0.000161340085409919 0
182 0.000151728706093909 0.00815805529245046 0
183 0.000550681080741537 0.00765802675611297 0
184 0.00789440430169549 0.000625763877695819 0
185 0.00401654867137835 0.00656402424648823 0
186 0.00645779378550849 0.00390571023059272 0
187 0.00333300308917022 0.00695462161733827 0
188 0.00722214320765319 0.00274797242347597 0
189 0.00264797281821107 0.00725986014050408 0
190 0.00685813632915705 0.00335781322728896 0
191 0.00600505818436722 0.00454426266946735 0
192 0.00471229597737714 0.00599343797362203 0
193 0.00561876827076813 0.00502007756179499 0
194 0.00518327591859272 0.00552556839156166 0
195 0.00174588146890942 0.00750056770477872 0
196 0.00760559713860265 0.00189217390851123 0
197 0.0092814487961322 0.000185707192187671 0
198 0.000222217491817947 0.00899562036888351 0
199 0.000163627105985818 0.00781586968539006 0
200 0.00808351542537926 0.000156561079173399 0
201 0.00962941760182657 0.00149414055608722 0
202 0.00943910668523547 0.00133789927168458 0
203 0.00947689479445399 0.00108245213940006 0
204 0.00924660773718598 0.00118414086492186 0
205 0.00920099411681618 0.00142871476079705 0
206 0.0090200154575782 0.00127929526077267 0
207 0.00896544904311534 0.00151183161800731 0
208 0.00879568861123111 0.00136777612231079 0
209 0.00873230435719119 0.00159336920230542 0
210 0.0088401272116163 0.00114021282495908 0
211 0.00857257506885524 0.00145139906826365 0
212 0.00850382303053637 0.00166817294044295 0
213 0.00864987087198415 0.00181378138439574 0
214 0.00842882233407124 0.00187340633009257 0
215 0.00856909352176013 0.00201817311617387 0
216 0.00834166593077207 0.00207466991614043 0
217 0.00849349255659322 0.00223418439092602 0
218 0.00820512027178628 0.00227413310361389 0
219 0.00832844981390347 0.00243118057011223 0
220 0.00809550947836041 0.0024810844950795 0
221 0.00820185872523975 0.00263676103517483 0
222 0.00796226836745818 0.0026699075173804 0
223 0.00805829512743448 0.00283196422328942 0
224 0.0078378751031412 0.00284534459453039 0
225 0.0079245502452846 0.00301084660194303 0
226 0.00815125734965625 0.00300786138349769 0
227 0.00800488512514671 0.0031855621776054 0
228 0.00777480299484468 0.00318227610886372 0
229 0.00784264318819554 0.00335612467628905 0
230 0.00761251858976836 0.00334559539057293 0
231 0.00766890600228999 0.00351875806343646 0
232 0.00744709379968486 0.00349797319188094 0
233 0.00749401190833441 0.00367253569746713 0
234 0.00772210794441053 0.00370120500085613 0
235 0.00753554986053865 0.0038555488028243 0
236 0.00732716462186141 0.00381189661545796 0
237 0.00735793386033651 0.00399196946192226 0
238 0.00756838570006314 0.00404580286144989 0
239 0.00738259443934843 0.00418096208222717 0
240 0.00716910311738896 0.00412288847947768 0
241 0.00718455726809668 0.00431143076120515 0
242 0.00698655227736682 0.00424231667576638 0
243 0.00699044270026273 0.00442642513468229 0
244 0.00719009579738078 0.00451017168937202 0
245 0.0069879487026839 0.0046236862463283 0
246 0.00678849284472326 0.00453486111566206 0
247 0.00677514076280913 0.00472925526900032 0
248 0.00696898672434524 0.00483250025561623 0
249 0.00675444004360738 0.00493780518264921 0
250 0.00657228201333264 0.00482309084006879 0
251 0.00654404073904582 0.0050257219346847 0
252 0.00672093728642064 0.00514920895100772 0
253 0.00651003960316199 0.00524090248882398 0
254 0.00635236209598439 0.00510213054184137 0
255 0.00631117822947135 0.00531053896223594 0
256 0.00645883842267618 0.00546506701802966 0
257 0.00626399006101879 0.0055349544757886 0
258 0.00612606735750094 0.00537224519274364 0
259 0.00607044332336989 0.00558733950690316 0
260 0.00620218481726446 0.00576467942769904 0
261 0.00600323570206705 0.00580532921484992 0
262 0.00823802054370771 0.0031898619996269 0
263 0.00843025585179046 0.00259134823319892 0
264 0.00588400589894841 0.00562877356689848 0
265 0.0058125560618696 0.00583580981692517 0
266 0.00592566938447041 0.00600804246190545 0
267 0.00573259354329239 0.00602857264121803 0
268 0.00584015272081546 0.00619900522625704 0
269 0.00564526855599345 0.00621290049481695 0
270 0.00554802783722597 0.0060419202355849 0
271 0.00545696880269427 0.00621854361433546 0
272 0.00554742747818346 0.00640429786040853 0
273 0.00535668405561263 0.00640182931174775 0
274 0.00543591236674911 0.00663217619962046 0
275 0.00524144365706993 0.00661982486208691 0
276 0.00517086093636385 0.00639131599404577 0
277 0.00504951202053477 0.00659708035816516 0
278 0.0051110609291095 0.0068352894966849 0
279 0.00491666882229224 0.00679969733652372 0
280 0.00496912176449222 0.0070388255834205 0
281 0.0047732597215473 0.00699074290582099 0
282 0.0048166975041153 0.00722691161088099 0
283 0.00461906900510147 0.00716569237108531 0
284 0.00465331837067317 0.00739920919502404 0
285 0.00445717171463447 0.00732682419609426 0
286 0.00443042606762061 0.00710045330605292 0
287 0.00427428317828313 0.0072552967958626 0
288 0.00429198818690309 0.00748633831951637 0
289 0.00410781592891577 0.00740134654465836 0
290 0.00411384275480448 0.0076396728375666 0
291 0.00393270791270033 0.007541393809225 0
292 0.00392673176629153 0.00778592464769008 0
293 0.00375298862143819 0.00768038088943185 0
294 0.00373823606601374 0.00791296398358947 0
295 0.00356308284577664 0.00779831238249958 0
296 0.00354229985267295 0.00802164317719035 0
297 0.00336409302133378 0.0078947494727675 0
298 0.00333609260858034 0.00810644774026821 0
299 0.00315990897506326 0.0079722303419204 0
300 0.00312253630349159 0.00818778141171603 0
301 0.00294831246112274 0.0080408702287576 0
302 0.00290040142695717 0.00825262947892507 0
303 0.00273461278599298 0.00809949339984671 0
304 0.00267731694945796 0.00830743935890332 0
305 0.00250882958997295 0.0081368093055893 0
306 0.00243545117896799 0.00835720320248715 0
307 0.00227840201371768 0.00816941681657734 0
308 0.0022024484447536 0.00836600184058852 0
309 0.00205137870231319 0.0081852010367487 0
310 0.00196867704925576 0.00835156945734457 0
311 0.00182457674153272 0.00817624909415626 0
312 0.0017350453204371 0.00835957862027918 0
313 0.00160684209821083 0.00817665882896424 0
314 0.00150675714030142 0.00835495146769087 0
315 0.00138868693735692 0.00816575392351514 0
316 0.00127996419737216 0.00833381403269798 0
317 0.00139480517655473 0.00853544510731342 0
318 0.00116027382765392 0.00850287271083969 0
319 0.00105368626755358 0.0082969764479486 0
320 0.00256795318410401 0.00794111651391596 0
321 0.000927510762666467 0.00845438663336369 0
322 0.000839735759153649 0.00825468687320573 0
323 0.00260269671037379 0.00853572534171678 0
324 0.0047303940993189 0.00675756183089172 0
325 0.00187696337352195 0.0085576203880834 0
326 0.00338894200624871 0.00767757235046103 0
327 0.00927757812709372 0.000934736859678663 0
328 0.00298819980096238 0.00783453698089286 0
329 0.00102966771279708 0.00867024614692494 0
330 0.00376338299203912 0.00744545464375631 0
331 0.0083535944753548 0.00153032914491119 0
332 0.00841166448528971 0.00131669288430326 0
333 0.00409794422197324 0.00717896134930505 0
334 0.00432568748531578 0.00776683655312596 0
335 0.0033152451143102 0.00833142380683122 0
336 0.00819982342296864 0.00193756081126251 0
337 0.00212965126025314 0.00799461550380115 0
338 0.00390663800304233 0.00803428257495107 0
339 0.0053702667369719 0.00604801308788718 0
340 0.00759597054879443 0.00424912138016369 0
341 0.00879994030226641 0.00196898550263799 0
342 0.00486776987304866 0.00746221026641108 0
343 0.00697334185173236 0.0040652728259132 0
344 0.00517573354368573 0.00707868556457296 0
345 0.000793519934482684 0.00860437302589676 0
346 0.00570532664527737 0.00566167073178913 0
347 0.00563617836791753 0.00663810575012445 0
348 0.0060474366045973 0.00617802668450442 0
349 0.00786478138023255 0.00252658125230851 0
350 0.00169474276284882 0.00800664335341302 0
351 0.00755062121350582 0.00318083118214374 0
352 0.000960597690423151 0.00810592942100343 0
353 0.00498852965493167 0.00637245358797374 0
354 0.000764742353376802 0.00806996690058838 0
355 0.00679337221570853 0.00417977083273534 0
356 0.00820181834890623 0.00139708962339084 0
357 0.00825217720010612 0.00118948160922921 0
358 0.000641568219676112 0.00820657102551955 0
359 0.00780754431545777 0.00409682597686067 0
360 0.000892807140314442 0.00882703012560616 0
361 0.00576975037311495 0.00546383568403624 0
362 0.0011376173521298 0.00889269596049753 0
363 0.000579864307045243 0.00802843717712861 0
364 0.0080516463672521 0.00127191663025266 0
365 0.000649306402684313 0.00875799934933811 0
366 0.0078373200378929 0.00431381356769002 0
367 0.00814732331182252 0.00160006515135005 0
368 0.00509788185910257 0.0062078399947526 0
369 0.00545618519404791 0.00587295616981611 0
370 0.00528727082011562 0.00588219282397782 0
371 0.00913963851410697 0.00168169455154225 0
372 0.00761698775584493 0.00446923130694121 0
373 0.00470072049575502 0.00762772086272435 0
374 0.00551505231276905 0.00687866348196857 0
375 0.00595440513716891 0.00638503481746054 0
376 0.00840721531608783 0.00299348488800588 0
377 0.00850657086408906 0.00317829979920715 0
378 0.00831817065380483 0.00337739623796413 0
379 0.00845746188299897 0.00110072729165294 0
380 0.00829495297349188 0.000982960421058741 0
381 0.0084900460827385 0.000887811349044144 0
382 0.00831953782882272 0.000775085494545483 0
383 0.0085058032563054 0.000674616584234657 0
384 0.00833878415639188 0.000565653176779712 0
385 0.0086845538216175 0.000789476672134679 0
386 0.000572071515238331 0.00853440156998625 0
387 0.00862876269180596 0.00340052309552529 0
388 0.00572639294569312 0.00688999887281263 0
389 0.00868890969590883 0.000571421609034152 0
390 0.00887863008062536 0.000683966740996387 0
391 0.00558722646887866 0.00712270502948588 0
392 0.00100126409560184 0.00904406643254362 0
393 0.00867872139477641 0.00296617711051423 0
394 0.00618003074426631 0.00635873459379968 0
395 0.00626987440494347 0.0061458710404302 0
396 0.0067857443099022 0.00401501897675766 0
397 0.00695619325218582 0.00389760966779152 0
398 0.00491258663490148 0.0077027958277477 0
399 0.00508329977781146 0.00751833962289316 0
400 0.00492422106701765 0.00619143943085782 0
401 0.00481315742700249 0.00634688897054433 0
402 0.00660218350047055 0.00412353382113927 0
403 0.00660983670468634 0.00428286370724388 0
404 0.00560610487036547 0.00549977104725425 0
405 0.000701438564901873 0.00790624817945856 0
406 0.00839055827057829 0.00357730193492017 0
407 0.00814696732394586 0.00355355160161807 0
408 0.00820891271482715 0.00376053355869216 0
409 0.00814033622059932 0.000871745365264689 0
410 0.00537279822607277 0.00570682901835895 0
411 0.00567500614909569 0.00531888784540104 0
412 0.00582919149167695 0.00527436535026851 0
413 0.00512342101568635 0.00776708338723978 0
414 0.000455260123750977 0.00814580014862378 0
415 0.000411908043976219 0.00797914362038806 0
416 0.00502584034209711 0.00604555371261558 0
417 0.00606667502303913 0.00661070004484967 0
418 0.00577691403796547 0.00717029908055639 0
419 0.00677750759134398 0.00385405509657823 0
420 0.0069373430487818 0.00373866003731833 0
421 0.00804659895340965 0.00414239728674341 0
422 0.00470786050837119 0.00784853559507636 0
423 0.000416779862908102 0.00867755916648984 0
424 0.000484864115318276 0.00891401500905976 0
425 0.00887791339491452 0.000451193550416761 0
426 0.00908599687030895 0.000561518230286275 0
427 0.00906621894119531 0.000332460760097577 0
428 0.00869164656102229 0.000364281312691207 0
429 0.00789897447375083 0.00456608197610836 0
430 0.00761757706112052 0.00470994969972636 0
431 0.00125411118879612 0.00912132511848958 0
432 0.00138687162169169 0.0089345870356648 0
433 0.00149380326406478 0.00915931175944278 0
434 0.0016135167685108 0.00895264623671136 0
435 0.00530720358841819 0.00756811299392539 0
436 0.006430042214033 0.00632087437497254 0
437 0.00649169620364741 0.0061084938104777 0
438 0.00665860545373693 0.00626042825741017 0
439 0.00950239395359087 0.000821241659296781 0
440 0.00949921996737036 0.00202740932751574 0
441 0.00923758369186833 0.00212340801292091 0
442 0.00915377775032112 0.00237207220423615 0
443 0.0089380639897349 0.0021838521424304 0
444 0.00889073313447947 0.0024423419586022 0
445 0.00905114146353852 0.00260862731727808 0
446 0.0087871091473095 0.00269832070658249 0
447 0.00871123552462417 0.00229999755337074 0
448 0.0093185784175926 0.001860230592689 0
449 0.00905892671204941 0.00193403405295729 0
450 0.00215853240420478 0.0093467672606299 0
451 0.00222490948868704 0.00909896149812634 0
452 0.00248684102320138 0.00902387165365481 0
453 0.00229228898876153 0.00884620277846263 0
454 0.00203969884507519 0.00890577338308561 0
455 0.00252034662474276 0.00877576689212822 0
456 0.0027484882416738 0.00891948917076953 0
457 0.00232907305264234 0.00857752460065457 0
458 0.00197510577357511 0.0091508534546827 0
459 0.00821437945199269 0.00456672438399625 0
460 0.00467992589325787 0.00836452579762458 0
461 0.0044625577680301 0.00822823437712995 0
462 0.0042393262335603 0.00833708323053786 0
463 0.00426377225449953 0.00808161362479213 0
464 0.0042068370491515 0.00860776828671642 0
465 0.00399812898254916 0.00847084940070159 0
466 0.00376726489186386 0.00858285144010898 0
467 0.00379626255047878 0.00833414482494698 0
468 0.00354649803738347 0.0084591088557693 0
469 0.00352784258928145 0.00870329407846285 0
470 0.00639219226684846 0.00684837492142804 0
471 0.00850425341517946 0.00406923732596918 0
472 0.00580020919702645 0.00745634034578111 0
473 0.0077197662415235 0.00530082647954812 0
474 0.00744324376469018 0.00528227744734782 0
475 0.00726983489463081 0.00549294567149462 0
476 0.0071491376761263 0.00521862755960847 0
477 0.00698875918400254 0.00545512708056611 0
478 0.00709023007770402 0.00569501178667388 0
479 0.00735295404230067 0.00505868586550756 0
480 0.00682538162178579 0.00564041393994755 0
481 0.00690580561693066 0.00589125603477045 0
482 0.00665771987363848 0.00581492431622083 0
483 0.00718346164312109 0.00595534499694776 0
484 0.00790517678240263 0.00506957005583683 0
485 0.00348310043774683 0.00895478454552439 0
486 0.00328416336450204 0.00879389800787705 0
487 0.00303391635061525 0.00887967021223131 0
488 0.00309112182734305 0.00863347083034692 0
489 0.00287560834082776 0.00872177038074868 0
490 0.00296390076701798 0.00913317665111444 0
491 0.00895380736662616 0.00327367599987358 0
492 0.00883924604269905 0.0035550871169883 0
493 0.00922310752363131 0.00277672274736701 0
494 0.00100774631413765 0.00943381139310048 0
495 0.00974718900743539 0.000433861147300581 0
496 0.00953281842125328 0.000544836527092191 0
497 0.000455164564585994 0.00944455162287557 0
498 0.000573723491921888 0.00920113934804041 0
499 0.00449369390684342 0.00797351388488761 0
500 0.00476040646616459 0.00616707574458705 0
501 0.00464503172102462 0.00631443521812598 0
502 0.00456643127851592 0.00612611774433235 0
503 0.00446499166744715 0.00629997615025961 0
504 0.00451433318684715 0.00649539844915286 0
505 0.00486428797960637 0.00602347662671521 0
506 0.0076073810548472 0.00501320514316858 0
507 0.00938420990742283 0.00159949993296702 0
508 0.00930141806415944 0.000672308990485858 0
509 0.00150841513076672 0.00874440443442643 0
510 0.0017472375540617 0.00875818291366722 0
511 0.000151071684690893 0.00799037320628047 0
512 0.00826095130498161 0.000164342824322865 0
513 0.0081486432254522 0.000320146037472726 0
514 0.0083500524615264 0.000350831842019477 0
515 0.000200903179053271 0.00875632753503156 0
516 0.000163626750412817 0.00834130567377207 0
517 0.000351270682211925 0.00843098157541366 0
518 0.00410407597337186 0.00791968449757302 0
519 0.00795927212973747 0.000297321718708579 0
520 0.00116980862525655 0.00813889901460159 0
521 0.001276744874871 0.00798120975402776 0
522 0.00107322137449301 0.00795657863754173 0
523 0.0011774010088029 0.00780735670972185 0
524 0.00138352987167096 0.0078243390308885 0
525 0.00098374949659522 0.00775889829946815 0
526 0.00111918052636103 0.00763300522156793 0
527 0.000881275773433414 0.00792892566349311 0
528 0.00932709473735276 0.00253418941330621 0
529 0.00893417939748695 0.00284725354692743 0
530 0.000746141540690055 0.00899172985460932 0
531 0.000528538389487132 0.00787129512628234 0
532 0.000356673930585623 0.00781879219498584 0
533 0.0055366768351365 0.00568755184199256 0
534 0.00543656893156194 0.00549904636698581 0
535 0.00519779685022505 0.00604871012824786 0
536 0.00509968468535693 0.00586703302314366 0
537 0.00801140579831099 0.00147092075300076 0
538 0.00794340576358456 0.00167301461191084 0
539 0.00785791909653552 0.00134929062586171 0
540 0.00793077089469673 0.00113397982292981 0
541 0.00806371055178978 0.00181188607107383 0
542 0.00783701772613415 0.00187296788012662 0
543 0.00774670733553057 0.00170787802450993 0
544 0.00771594135865896 0.00205597724709941 0
545 0.00796412546784518 0.00202731298240405 0
546 0.0077840367944126 0.00220811164661464 0
547 0.0079980446506159 0.00220597233030561 0
548 0.00828980640143911 0.00173713102366556 0
549 0.00811158615217066 0.00107072722306065 0
550 0.00233870527308098 0.00796482406181212 0
551 0.00239425357064401 0.00778046572482412 0
552 0.00261614532552792 0.0077469535192445 0
553 0.00245225203385443 0.00759866319628543 0
554 0.0026627494155838 0.0075661163344839 0
555 0.00223407782235248 0.0076169332641699 0
556 0.00232773686939043 0.00744032089151902 0
557 0.00203103392322439 0.00761430858365126 0
558 0.00213876043199102 0.00778740591763503 0
559 0.0019278739324272 0.00774699100366587 0
560 0.00282515773192973 0.00769985906336025 0
561 0.00286503233621598 0.00751221105953822 0
562 0.00319118640408294 0.00776504813817309 0
563 0.00321981846613177 0.00755477210098426 0
564 0.00341102481969708 0.007457720090557 0
565 0.00324827239626311 0.00734932063485876 0
566 0.00343321450103156 0.00724841062900637 0
567 0.00305784034544712 0.00743931592658388 0
568 0.00359655383104966 0.00734628560798145 0
569 0.00360364697480138 0.00713453399189073 0
570 0.00712164767911464 0.00377446325715036 0
571 0.00708845779933976 0.0036093996924889 0
572 0.00689939728347262 0.00357796612039772 0
573 0.00705678077652202 0.00345702352489585 0
574 0.00724850446630571 0.00347331551441258 0
575 0.00720988395572724 0.00332099887069766 0
576 0.00393320555430701 0.00731409991907108 0
577 0.00392867113707335 0.00709901881928325 0
578 0.0040854543676503 0.0069654592876194 0
579 0.00392398950439798 0.00689580825538319 0
580 0.00407202729989009 0.00675434169853436 0
581 0.0042329358463919 0.00681723133570504 0
582 0.00421392438231341 0.00657840499106894 0
583 0.00437779347685817 0.00665693021620143 0
584 0.00377261196527879 0.00702716229176505 0
585 0.00774977045181298 0.00269099103859421 0
586 0.00765995101892 0.00254112988726628 0
587 0.0076206205836928 0.00285820651282086 0
588 0.00770094981917214 0.00301728390722652 0
589 0.00748289581069786 0.00302360576664736 0
590 0.00742660069297546 0.00285841264111255 0
591 0.00726768947249036 0.00300679453378804 0
592 0.00734295356995277 0.00317545861698211 0
593 0.0075505481339239 0.00269962423749971 0
594 0.00746925822626902 0.00255565449780886 0
595 0.00759248424673993 0.00236258121498257 0
596 0.00458405848740305 0.00693589226439046 0
597 0.00454977329096777 0.00670999573567314 0
598 0.0073990622029335 0.00333374423848177 0
599 0.00254107354966361 0.00742793734976316 0
600 0.00190397490829626 0.00801854446433123 0
601 0.00126925331524657 0.00871562376289628 0
602 0.00302298124867477 0.00763430523623823 0
603 0.00289096822791151 0.00731456546555452 0
604 0.00376872987234188 0.00722852157184852 0
605 0.00486487688908748 0.00656720602799587 0
606 0.00527605240636847 0.00621741595826496 0
607 0.00563140386999045 0.00585863395024224 0
608 0.00594580996225489 0.00542297803454771 0
609 0.0059963892148811 0.00522494776412569 0
610 0.00587515033002695 0.00508768018355116 0
611 0.00603847170845742 0.00503435251446905 0
612 0.00591902819740143 0.0049124344279028 0
613 0.00607601031588364 0.00485818530357781 0
614 0.00576250509931863 0.00496586815577769 0
615 0.00620758150290501 0.00497409445830697 0
616 0.00623879462784143 0.00478972175569223 0
617 0.00608303449738009 0.00468372320003384 0
618 0.00626100754189914 0.00462006942618415 0
619 0.00640970583946801 0.00471573180708114 0
620 0.00642817180623591 0.00454153425024353 0
621 0.00626915736201713 0.00444161080552837 0
622 0.00643822135377843 0.00437435461376468 0
623 0.00660377138108092 0.00445279216378151 0
624 0.00358128979122156 0.0075715884401558 0
625 0.00679419176464496 0.0043523147049226 0
626 0.00425404164439271 0.00703481930222382 0
627 0.00440346622785172 0.00687753572030509 0
628 0.00278312968006484 0.00789619500318457 0
629 0.00643215780265202 0.00573186646177516 0
630 0.00671213030365741 0.00540251348709489 0
631 0.00694556785549216 0.00505037432452733 0
632 0.00807890843516382 0.00336649969847498 0
633 0.0071826208635761 0.00472127427854044 0
634 0.00889089180060469 0.00174299816909927 0
635 0.00468807572109461 0.00653266968091017 0
636 0.00714861666085973 0.0039452096468161 0
637 0.00617007831009629 0.0051677696996955 0
638 0.0074017409679154 0.00438379596578674 0
639 0.00790457697444261 0.00353633045669175 0
640 0.00830147018531851 0.00280981840864146 0
641 0.00447980849786068 0.00756596375899223 0
642 0.00777051320752507 0.00389468660119672 0
643 0.00531397991630569 0.00686259922925906 0
644 0.00574693084870144 0.0063999113889425 0
645 0.0061302325065102 0.0059788842469123 0
646 0.00148903605424403 0.00799912856398685 0
647 0.00502653335005795 0.00727842026047022 0
648 0.00729007143345977 0.00363878844023036 0
649 0.0063844354743082 0.00490340892274792 0
650 0.00524078658912877 0.00732345604460961 0
651 0.00740962474315203 0.00459728088947469 0
652 0.00584857927541944 0.00663531188926295 0
653 0.00633678614604127 0.00595060339320437 0
654 0.00659190556131116 0.00463166174964005 0
655 0.00905557496514685 0.00104347902015087 0
656 0.00596217893080655 0.00692291233015907 0
657 0.00796380525075648 0.00372826241794902 0
658 0.00538585498994558 0.00710987330779155 0
659 0.00971527411240162 0.000972159103573162 0
660 0.00816826893102789 0.000676976115468702 0
661 0.00862592526538736 0.0012303543074415 0
662 0.00801706929839208 0.00393421311089058 0
663 0.00163056395366146 0.00855193557300743 0
664 0.00545579637771739 0.00735147561679795 0
665 0.000712384588527314 0.00839684249275831 0
666 0.00736919887134161 0.00574511811307235 0
667 0.00372535353506442 0.00884710370080962 0
668 0.00827567805329445 0.00398996042633713 0
669 0.008662120669059 0.0010086288812084 0
670 0.00158108545736523 0.00783757369574864 0
671 0.0085114276800285 0.000468327628037077 0
672 0.00270186711778039 0.00920438617424164 0
673 0.00886700461363565 0.000911134964199634 0
674 0.00907823509221563 0.000801174972870754 0
675 0.00403779090271755 0.00822583893173291 0
676 0.00325615156233048 0.00714337119579673 0
677 0.00284275621941056 0.00850423508601061 0
678 0.005223512717636 0.00569771445209572 0
679 0.000267246928664169 0.00924243206391981 0
680 0.00798046998226055 0.000786112650671217 0
681 0.00609805350357883 0.00442141875533138 0
682 0.00350759657533333 0.00687397848383721 0
683 0.00529751928818599 0.00540815879280656 0
684 0.00384122664266725 0.00666487464272078 0
685 0.000712452387774784 0.00764394723315068 0
686 0.00550392794923687 0.00515663478843224 0
687 0.00660079803823172 0.00379780710820498 0
688 0.00156250703941353 0.00751986303664578 0
689 0.00171578766260768 0.00767668866861485 0
690 0.00714279971730546 0.00289938918948438 0
691 0.00695764664391719 0.00320908293341824 0
692 0.00590582278665081 0.00466413161853105 0
693 0.00619271031550635 0.00429695897988625 0
694 0.006418135809503 0.00405109919067853 0
695 0.0075284085816588 0.00208765912783439 0
696 0.0087384893360488 0.00317462427600045 0
697 0.00955569523973493 0.000246132981026945 0
698 0.00802897394777764 0.000476288860558708 0
699 0.00535135634251555 0.00784126388143957 0
700 0.00191861594874637 0.0074711960589439 0
701 0.00506739704781791 0.0056539439706948 0
702 0.00210155499370822 0.00866686911354318 0
703 0.00309371997495913 0.0084140322518335 0
704 0.00737253054004595 0.00242219894483697 0
705 0.0033179879394719 0.00856143503223505 0
706 0.00644800210785108 0.004218016588893 0
707 0.0016079332216372 0.00940900061209687 0
708 0.00572637496843621 0.00514405115673591 0
709 0.000506497665472421 0.00832887391397363 0
710 0.00370644560881743 0.00811774780670726 0
711 0.00414318516978486 0.00640978765324904 0
712 0.000862595363180794 0.0092250017607203 0
713 0.00128448645399994 0.00766154398792037 0
714 0.00715673197403592 0.00317614692174426 0
715 0.00854680110242315 0.0027596195339902 0
716 0.00179162272086237 0.00786222873913008 0
717 0.00781124129278688 0.00237254198536902 0
718 0.00352395609742885 0.0082288382841246 0
719 0.000796138663884665 0.00777418749006593 0
720 0.00865468150638675 0.000167905647186615 0
721 0.00740766513842721 0.00481799476396594 0
722 0.00668773509736062 0.00603268574034557 0
723 0.00677927368102882 0.00349111914434167 0
724 0.000246397053957257 0.00768401774604494 0
725 0.00632300871796836 0.0065749967771523 0
726 0.000403032749882428 0.00767825145380701 0
727 0.00930657963622066 0.000425600283591628 0
728 0.00514015981234741 0.00803772196146109 0
729 0.00151033508134938 0.0076736174771683 0
730 0.00810950924121846 0.00434505393756531 0
731 0.00482981377524729 0.00587911539149141 0
732 0.008184051063723 0.000493549548282195 0
733 0.000318318831891181 0.00824696487695936 0
734 0.00554181675009978 0.00532404341104227 0
735 0.0072882241646099 0.002591800408833 0
736 0.00864994749035345 0.00251381907902592 0
737 0.00599505736943499 0.00729573884442556 0
738 0.00842873651585201 0.00382031118695493 0
739 0.0066051638802864 0.00396196675212201 0
740 0.00437306229212133 0.00646955653005802 0
741 0.0078164212968672 0.00483032575605255 0
742 0.00761765816115288 0.00219717235934034 0
743 0.0061428945251881 0.00454206394605832 0
744 0.00186637181905402 0.00760233568407096 0
745 0.00714354086067639 0.00494507518832599 0
746 0.00661124459990847 0.00561252240832469 0
747 0.00799024140273781 0.00237324894646887 0
748 0.00490905580524566 0.00795111399567086 0
749 0.00531123667722813 0.00555932521956559 0
750 0.00690641189760716 0.00525225198891733 0
751 0.000295116982599803 0.00807746300935949 0
752 0.00595789942234234 0.00478244993646745 0
753 0.0070231461986992 0.00333462040975809 0
754 0.00782476626990363 0.000798697283021821 0
755 0.00309543254962904 0.00727536199060267 0
756 0.00799811521419019 0.000967468790451109 0
757 0.00776304015105058 0.00119011442882611 0
758 0.00282131027569624 0.00715865119228654 0
759 0.00317088985701002 0.00700473502425992 0
760 0.00633224699756538 0.00429410982779158 0
761 0.00909577446714683 0.00014859095502837 0
762 0.000622775914171012 0.0077696995760299 0
763 0.00769571462762042 0.00135601580890771 0
764 0.00272156625135274 0.00741927703736513 0
765 0.00859373285196219 0.00364453098235762 0
766 0.00737486758192597 0.00270686679850089 0
767 0.00346473015822993 0.00706749633256661 0
768 0.00469446459339579 0.0081063464130016 0
769 0.00788718625678524 0.000460661043012375 0
770 0.00110461345111108 0.00923767766330816 0
771 0.00853435683770574 0.000304679169088283 0
772 0.000221469676816763 0.00948004024434465 0
773 0.00173840832073397 0.009180519055204 0
774 0.00979723391970978 0.000208396543077704 0
775 0.00121931468704777 0.00753702276358623 0
776 0.00852141056712362 0.00239654425816961 0
777 0.00027597270735434 0.00793661775845806 0
778 0.00495841947766135 0.00592023548747574 0
779 0.00785029930437334 0.00154832158774702 0
780 0.00682632123864553 0.00643066001192617 0
781 0.00242332443508839 0.00729180723437332 0
782 0.00363674708748494 0.00696744327390736 0
783 0.00618147275423304 0.00682040118978855 0
784 0.00814773487329475 0.00210195334462057 0
785 0.00677986701278966 0.00372577465718146 0
786 0.00440302847811322 0.00616895840467255 0
787 0.0087073482858933 0.00214038167453984 0
788 0.0079394822325415 0.000134766359855979 0
789 0.000404814781730155 0.00906953444535278 0
790 0.000111906520025304 0.00767384351310091 0
791 0.00184213346515949 0.00894833612313693 0
792 0.00567740519620879 0.00487558101080378 0
793 0.0021050157742967 0.00849140471340414 0
794 0.00454124971223036 0.00774659378032496 0
795 0.00758406184056937 0.00171543657959477 0
796 0.00225149236933694 0.00732120686829365 0
797 0.00563049759711544 0.00734402156803575 0
798 0.00826382452349473 0.00416374319043365 0
799 0.00380004545540483 0.00685693345414357 0
800 0.0019872027475925 0.00788633463276901 0
801 0.008043092103646 0.000610461951223453 0
802 0.00561595656865983 0.00518719395859874 0
803 0.00727585427348901 0.0028487326476294 0
804 0.00690978060083278 0.00346090870219138 0
805 0.00651775555194559 0.00593354907139199 0
806 0.00269285011422858 0.00869375470498763 0
807 0.00193589202703489 0.00873573890169994 0
808 0.000999487811718932 0.00758778849338104 0
809 0.000469176362442037 0.00776037358999676 0
810 0.00394491143289426 0.00674278057559003 0
811 0.00890506169663339 0.0030433359619382 0
