2752 0.00267374849451415 0.00707816145614008 0
2754 0.00584912582178531 0.00452739398132732 0
2755 0.00594577127451848 0.0044104342128563 0
2757 0.00704410842027322 0.00278817368444209 0
2758 0.0072221432076535 0.002747972423476 0
2759 0.00711465650606125 0.00263341542316628 0
2760 0.00468183833371153 0.00583005514860754 0
2769 0.00547263902157975 0.00498469923199884 0
2770 0.00561876827076825 0.00502007756179494 0
2771 0.00557510912293311 0.00487127535153761 0
2772 0.00631853517456092 0.00392042867722371 0
2773 0.00640737798030882 0.00379770890261146 0
2775 0.00670072849530759 0.00338701604075366 0
2776 0.00685813632915732 0.00335781322728899 0
2777 0.00678088143549808 0.00324273497455885 0
2778 0.00503972505014849 0.00547681211975052 0
2779 0.0051832759185928 0.00552556839156157 0
2780 0.00515720965190495 0.00536031399397983 0
2781 0.00320727456405064 0.00685822111677163 0
2782 0.00333300308917021 0.00695462161733805 0
2783 0.00337405662609024 0.00676853002736851 0
2784 0.00160871739563465 0.00736864729551477 0
2785 0.00174588146890939 0.00750056770477841 0
2786 0.00178982523564803 0.0073462839631258 0
2787 0.0038675618563846 0.00646405541119006 0
2788 0.00401914034158957 0.00635272426064474 0
2790 0.00740123944928508 0.00196502283238051 0
2791 0.00745462535806865 0.00178706358420557 0
2793 0.00783732003789318 0.00431381356768997 0
2796 0.00618003074426647 0.00635873459379954 0
2797 0.00604743660459745 0.00617802668450429 0
2805 0.00764198182419863 0.00106819786395996 0
2806 0.00769221990903857 0.000890526887521607 0
2808 0.000787854766466748 0.00749884219965003 0
2809 0.000949315110941978 0.00748059292941349 0
2811 0.00354567485414485 0.00667526433674698 0
2812 0.0036815570729231 0.00677351234391034 0
2813 0.00371049464750676 0.0065733249590974 0
2814 0.00526467074115452 0.00523291816758719 0
2815 0.00536686131851699 0.00510872565008679 0
2817 0.00649781865833442 0.00365634183893775 0
2818 0.00660183060569293 0.00352416878860509 0
2820 0.00750006201206963 0.00161534429476439 0
2821 0.00755777026770038 0.00143582965516215 0
2823 0.00126456366610457 0.00742354296859008 0
2824 0.00142980308288304 0.00738835481465891 0
2826 0.00686517402457104 0.00309110025242289 0
2827 0.00695751960874771 0.00293912938958929 0
2829 0.00285976871925356 0.00700645070634254 0
2830 0.00303897914030973 0.00693891497623203 0
2832 0.0056609937240972 0.00476528660710855 0
2833 0.00574996486462655 0.00464551808060972 0
2835 0.00480691609416661 0.00572412974317219 0
2836 0.00492521815198014 0.00559874373013646 0
2838 0.00613219569474282 0.00417139332788002 0
2839 0.00622289361307582 0.00404444059628431 0
2841 0.00196577977292419 0.00729945082191325 0
2842 0.00214155677348382 0.00725486363395352 0
2844 0.00415891707304324 0.00623441527536614 0
2845 0.00429320881124578 0.00613126531450614 0
2847 0.00726772933783012 0.00231283048685601 0
2848 0.00734351080482407 0.00214351604252479 0
2850 0.00790457697444292 0.00353633045669174 0
2859 0.00823802054370803 0.00318986199962689 0
2860 0.00850657086408939 0.00317829979920714 0
2889 0.0017350453204371 0.00835957862027886 0
2892 0.00447980849786075 0.007565963758992 0
2895 0.00491258663490158 0.00770279582774748 0
2896 0.00486776987304875 0.00746221026641087 0
2910 0.00740962474315229 0.00459728088947464 0
2925 0.00643215780265221 0.00573186646177506 0
2931 0.0053139799163058 0.00686259922925889 0
2943 0.000793519934482681 0.00860437302589643 0
2949 0.00574693084870158 0.00639991138894235 0
2967 0.00470072049575511 0.00762772086272413 0
2979 0.00840721531608816 0.00299348488800587 0
2988 0.00613023250651036 0.00597888424691218 0
2997 0.00777051320752537 0.0038946866011967 0
3009 0.00780754431545806 0.00409682597686064 0
3021 0.00551505231276917 0.0068786634819684 0
3022 0.00563617836791765 0.00663810575012428 0
3039 0.00558722646887879 0.0071227050294857 0
3040 0.00572639294569325 0.00688999887281246 0
3045 0.00595440513716906 0.00638503481746039 0
3051 0.00804659895340995 0.00414239728674338 0
3060 0.00606667502303929 0.00661070004484952 0
3120 0.00830147018531885 0.00280981840864145 0
3141 0.00633678614604145 0.00595060339320425 0
3156 0.00796380525075678 0.003728262417949 0
3213 0.00584857927541958 0.0066353118892628 0
3237 0.0053858549899457 0.00710987330779137 0
3240 0.00862592526538773 0.00123035430744151 0
3261 0.000411908043976213 0.00797914362038773 0
3270 0.00801706929839238 0.00393421311089055 0
3288 0.00150675714030142 0.00835495146769055 0
3306 0.00887863008062573 0.00068396674099639 0
3309 0.000927510762666462 0.00845438663336335 0
3327 0.000649306402684312 0.00875799934933777 0
3333 0.00868455382161788 0.000789476672134684 0
3334 0.00868890969590921 0.000571421609034152 0
3348 0.00845746188299934 0.00110072729165295 0
3360 0.00884012721161667 0.00114021282495908 0
3366 0.000641568219676104 0.00820657102551921 0
3372 0.00772743290684923 0.000717100793666402 0
3373 0.00789440430169585 0.000625763877695829 0
3374 0.00775986423498079 0.000539897182254293 0
3375 0.000471576752133745 0.00755485159426952 0
3376 0.000550681080741527 0.00765802675611264 0
3377 0.000626397052516729 0.00752828294759451 0
3378 0.00905557496514723 0.00104347902015087 0
3414 0.00849004608273887 0.000887811349044151 0
3429 0.00850580325630577 0.00067461658423466 0
3438 0.01000508210532 0.000296662286791685 0
3444 0.000712384588527308 0.00839684249275798 0
3510 0.00866212066905937 0.00100862888120841 0
3513 0.00110461345111109 0.00923767766330783 0
3531 0.00886700461363602 0.000911134964199639 0
3534 0.00531123667722823 0.00555932521956551 0
3552 0.00572637496843634 0.00514405115673585 0
3582 0 0.00941108530580754 0
3597 0.00727585427348932 0.00284873264762943 0
3600 0.00972380288339224 0 0
3606 0.00173840832073399 0.00918051905520368 0
3609 0.00614289452518828 0.00454206394605831 0
3621 0.00210155499370823 0.00866686911354287 0
3624 0.00156250703941351 0.00751986303664548 0
3645 0.00603731576269527 0.00428961559046449 0
3657 0.00350759657533333 0.00687397848383699 0
3663 0.00384122664266726 0.00666487464272058 0
3672 0.00695764664391747 0.00320908293341827 0
3747 0.00758406184056972 0.0017154365795948 0
3756 0.000712452387774771 0.00764394723315036 0
3777 0.00651775555194578 0.00593354907139188 0
3819 0.00802897394777801 0.000476288860558716 0
3834 0.00346473015822994 0.00706749633256638 0
3835 0.00363674708748496 0.00696744327390714 0
3891 0.00826382452349503 0.00416374319043361 0
3900 0.00718620664080493 0.00247280259910175 0
3903 0.00198720274759249 0.00788633463276871 0
3945 0.00661124459990866 0.00561252240832459 0
3987 0 0.0097087338505256 0
3988 0.000221469676816764 0.00948004024434431 0
3996 0.00728822416461022 0.00259180040883304 0
4011 0.00482981377524734 0.00587911539149129 0
4056 0.00979723391971016 0.000208396543077704 0
4057 0.0100124615541906 0 0
4089 0.00781149658459975 0 0
4101 0.000295116982599799 0.00807746300935915 0
4149 0.00737486758192629 0.00270686679850092 0
4203 0.00184213346515951 0.00894833612313661 0
4209 0.000155782685203892 0.00756716794034232 0
4210 0.000310206811467495 0.00756122379643372 0
4266 0.0061814727542332 0.00682040118978839 0
4311 0.000111906520025303 0.00767384351310058 0
4312 0 0.00757198560260488 0
4332 0.00380004545540485 0.00685693345414337 0
4365 0.00788718625678561 0.000460661043012384 0
4374 0.00702314619869948 0.00333462040975811 0
4392 0.00804309210364636 0.000610461951223462 0
4464 0.00394491143289427 0.00674278057558983 0
4470 0.000622775914171002 0.00776969957602957 0
4485 0.000469176362442029 0.00776037358999643 0
4494 0.00690978060083305 0.0034609087021914 0
4593 0.00760548493863466 0.00125511424636521 0
4692 0.00230465921990148 0.00720010410960998 0
4695 0.0019358920270349 0.00873573890169963 0