VECT[0] = 1e+30
VECT[1] = 0
VECT[2] = 1e+30
VECT[3] = 0
VECT[4] = 1e+30
VECT[5] = 0
VECT[6] = 1e+30
VECT[7] = 0
VECT[8] = 1e+30
VECT[9] = 0
VECT[10] = 1e+30
VECT[11] = 0
VECT[12] = 1e+30
VECT[13] = 0
VECT[14] = 1e+30
VECT[15] = 0
VECT[16] = 1e+30
VECT[17] = 0
VECT[18] = 1e+30
VECT[19] = 0
VECT[20] = 1e+30
VECT[21] = 0
VECT[22] = 0.0021485
VECT[23] = 0
VECT[24] = 0.00220144
VECT[25] = 0
VECT[26] = 0.0015727
VECT[27] = 0
VECT[28] = 0.000705924
VECT[29] = 0
VECT[30] = 0.00200447
VECT[31] = 0
VECT[32] = 0.00512326
VECT[33] = 0
VECT[34] = 0.00455115
VECT[35] = 0
VECT[36] = 0.00247074
VECT[37] = 0
