1 -1.13830101830357e-26 -2.2997022293073e-26 0
2 -3.54109930542032e-26 -6.22255265427711e-28 0
3 1.49284246047824e-26 0.00442817569327386 0
4 0.00076232553069169 -0.0025 0
5 1.57281845763101e-26 -0.0025 0
6 0.000302917098462317 -2.84048916763998e-26 0
7 0.000502010126336668 2.48562092935997e-26 0
8 0.000492263746220331 -2.91766520848181e-26 0
9 0.000484686266505917 -5.20271698686961e-27 0
10 0.00047336294391463 5.3856863755438e-26 0
11 0.000450435523426217 8.78115332693579e-26 0
12 0.000417474870164095 -1.22253938092904e-26 0
13 0.000334652046173017 -2.64330543412724e-26 0
14 0.000197127399417018 1.61453338674965e-26 0
15 -5.38146671203649e-26 0.000271820366401978 0
16 -5.49617021927826e-26 0.000990297734446778 0
17 -3.39315852205258e-26 0.00138168291473831 0
18 -4.38459886930829e-26 0.00178377582528314 0
19 -4.80669416432712e-26 0.00232570653216511 0
20 -7.77140751092283e-26 0.00296170064440026 0
21 -9.78523417524365e-26 0.00360854678447527 0
22 -4.70775261710102e-26 0.00403923571924275 0
23 3.2108916221621e-26 0.0043452283529714 0
24 -1.68748509272434e-05 0.0047122701828734 0
25 0.000134457833822003 0.00472150641133872 0
26 0.000338166651607057 0.00465930305755891 0
27 0.000641498274486878 0.0043947003116356 0
28 0.000941069121393636 0.00409059322694929 0
29 0.00113930409002627 0.00368103950793829 0
30 0.00111304420626399 0.00316605144375545 0
31 0.000331011011350231 0.0024128653674386 0
32 -3.78004938499512e-26 -0.00209779642719526 0
33 -1.34394928966894e-26 -0.00163090616530684 0
34 -2.32803466563413e-27 -0.00125367875321119 0
35 -1.36376067281012e-26 -0.000938850588193725 0
36 -1.52088624526962e-26 -0.000747584299229974 0
37 -6.61342876719985e-27 -0.000591137907780037 0
38 -1.89044798706223e-26 -0.000456238087704989 0
39 -1.99079332573515e-26 -0.000313008054142994 0
40 -2.6309663567878e-26 -0.000149183061050749 0
41 0.000333423385269392 -9.8272409475593e-05 0
42 0.000298461298134741 -0.000184379515266246 0
43 0.000284926876676038 -0.000289759007026592 0
44 0.000324140028851234 -0.000434417784653166 0
45 0.000389060911935876 -0.000611456990517344 0
46 0.000633877914252359 -0.000908119677599521 0
47 0.000761265986740672 -0.00127594915054725 0
48 0.000946391568633822 -0.00173624036865709 0
49 0.000812396699762603 -0.00212742511349713 0
50 0.000512626115897913 9.89618672057596e-06 0
51 0.000533836969160353 1.17063332778334e-05 0
52 0.00063624095830747 2.82793204508958e-05 0
53 0.000788050076781787 5.39118624413858e-05 0
54 0.0011921727690198 0.000137349131740322 0
55 0.00164305610223031 0.000241048902446005 0
56 0.00210263520586786 0.000378998310483435 0
57 0.00228477975323254 0.00056927061936484 0
58 0.00236223543054942 0.000766602415588274 0
59 0.000510829174164574 6.68742645684686e-06 0
60 0.000547327279942672 1.04987831680908e-05 0
61 0.000660782652676333 3.15813611301901e-05 0
62 0.000852304144207397 8.18091342133348e-05 0
63 0.00127412278120758 0.000229246784564854 0
64 0.001737087689825 0.000459407368173049 0
65 0.0021161174712276 0.000766290419058203 0
66 0.00228486441172385 0.00103623526146369 0
67 0.00155531254761963 0.00285632964765957 0
68 0.000515470187606443 9.5597739685696e-06 0
69 0.000561169789722594 2.47749247347473e-05 0
70 0.000689303192358776 7.6044018083368e-05 0
71 0.00088503095759619 0.000175830668496935 0
72 0.00127552559648197 0.000406324662443839 0
73 0.00168221952032672 0.000727935181291615 0
74 0.00204446638957059 0.00106749955632603 0
75 0.00145231765099114 0.00291900860914333 0
76 0.0014034578953956 0.00329859798910138 0
77 0.000515665767112511 3.84684972920564e-05 0
78 0.000565951471464079 7.84182782961051e-05 0
79 0.000688154251446962 0.000163633889594129 0
80 0.000855849600887593 0.00032095181238623 0
81 0.00120512386260989 0.000630826723686975 0
82 0.001598024745117 0.000983868915292416 0
83 0.00125657127850877 0.00276610973677241 0
84 0.00127334522366953 0.00315996076123971 0
85 0.00121594974210243 0.00356275179442062 0
86 0.000502015237970663 5.74117297429951e-05 0
87 0.000570119250321797 0.000210087645795731 0
88 0.000672369352784813 0.00037154408223648 0
89 0.000795489984847493 0.000606589003851548 0
90 0.001132585388008 0.000940424826031696 0
91 0.000952688105865386 0.00243861329422683 0
92 0.00106544345853031 0.0028436633578816 0
93 0.00107539396775919 0.00325137714138235 0
94 0.000957617780520302 0.00378344274888221 0
95 0.000440119828761889 0.000156657078127603 0
96 0.000538765003323948 0.000439952241743346 0
97 0.000609677679731916 0.000664460911280065 0
98 0.000723822060999977 0.000921298769246703 0
99 0.000649711280605379 0.00206805929024491 0
100 0.000758632892998899 0.00247224771186587 0
101 0.000866412155521071 0.00288715888753727 0
102 0.000814188425311055 0.00342436826951746 0
103 0.000658318979378186 0.00403934282590119 0
104 0.000314854875109408 0.00026980571599334 0
105 0.000459286582170104 0.000676156567201651 0
106 0.000524399969221153 0.000919521037261672 0
107 0.000387623201400863 0.00169407168760135 0
108 0.000455688296882818 0.00209286813368701 0
109 0.000559778986759206 0.00250507887084485 0
110 0.000605226708566587 0.00305096849764901 0
111 0.000512988582555887 0.00367172162274252 0
112 0.000354744230280732 0.00429529009477436 0
113 0.000127937025779028 0.000394762097698246 0
114 0.000339939823156845 0.000664062400604512 0
115 0.000191655008701523 0.00136483739627984 0
116 0.000196477258594948 0.00175553978327569 0
117 0.00026047127721752 0.00215908844726831 0
118 0.000301727877878485 0.00270212428667028 0
119 0.000306071961861657 0.00333400698482317 0
120 0.000208923380302144 0.00396432429746179 0
121 0.000148775108397875 0.00438669949004494 0
