340 260.366539724539
341 151.936532391017
342 109.711353493075
343 159.191300796566
344 112.74005767479
345 116.171495624178
346 153.33161202551
347 206.006304502443
348 257.108513430247
349 236.658701027519
350 187.568813818849
351 108.445800753572
352 111.753722038134
353 73.8213766103747
354 249.69131385438
355 163.371724668184
356 150.124066312904
357 242.489627009803
358 58.297199279468
359 196.510631899958
360 145.01708212552
361 50.1093759639092
362 147.837755792649
363 270.98375360524
364 60.6642459477146
365 63.3827817485834
366 110.794300499596
367 178.896257288857
368 228.924192907896
369 124.534848239595
370 138.907644879958
371 75.3658147268143
372 75.3375684984999
373 117.656079636539
374 162.938432943427
375 136.719964476711
