SOL_U1[0] = 1
SOL_U1[1] = 1
SOL_U1[2] = 1
SOL_U1[3] = 1
SOL_U1[4] = 1
SOL_U1[5] = 1
SOL_U1[6] = 1
SOL_U1[7] = 1
SOL_U1[8] = 1
SOL_U1[9] = 1
SOL_U1[10] = 1
SOL_U1[11] = 1
SOL_U1[12] = 0.999999
SOL_U1[13] = 1
SOL_U1[14] = 1
SOL_U1[15] = 0.999999
SOL_U1[16] = 0.999998
SOL_U1[17] = 0.999999
SOL_U1[18] = 1

SOL_U2[0] = -0.00198658
SOL_U2[1] = -0.000634179
SOL_U2[2] = -0.00169116
SOL_U2[3] = -0.00300341
SOL_U2[4] = 0.00332724
SOL_U2[5] = 0.00423297
SOL_U2[6] = -0.000735857
SOL_U2[7] = 0.000696433
SOL_U2[8] = -0.00396435
SOL_U2[9] = -0.00462417
SOL_U2[10] = 0.00153624
SOL_U2[11] = 0.000399282
SOL_U2[12] = 0.000949633
SOL_U2[13] = 0.00138405
SOL_U2[14] = 0.000223476
SOL_U2[15] = 0.00117735
SOL_U2[16] = 0.00181334
SOL_U2[17] = 0.000834071
SOL_U2[18] = -0.000215801
